16.1520	0.0001	0.0104	-0.0020	-0.0007	0.0153	-0.0020	-0.0050	0.0088	-0.0039	0.0938	
16.1720	0.0001	0.0104	-0.0020	-0.0008	0.0154	-0.0020	-0.0050	0.0088	-0.0039	0.0940	
16.1920	0.0001	0.0104	-0.0020	-0.0008	0.0155	-0.0020	-0.0051	0.0088	-0.0039	0.0944	
16.2120	0.0001	0.0104	-0.0020	-0.0009	0.0156	-0.0020	-0.0051	0.0087	-0.0039	0.0948	
16.2320	0.0001	0.0104	-0.0020	-0.0009	0.0157	-0.0020	-0.0050	0.0089	-0.0039	0.0952	
16.2500	0.0001	0.0104	-0.0020	-0.0014	0.0159	-0.0020	-0.0049	0.0089	-0.0039	0.0958	
16.2700	0.0001	0.0104	-0.0020	-0.0011	0.0159	-0.0020	-0.0048	0.0087	-0.0039	0.0966	
16.2900	0.0001	0.0104	-0.0020	-0.0004	0.0160	-0.0020	-0.0050	0.0087	-0.0039	0.0969	
16.3100	0.0001	0.0104	-0.0020	-0.0005	0.0161	-0.0020	-0.0050	0.0088	-0.0039	0.0969	
16.3300	0.0001	0.0104	-0.0020	-0.0005	0.0161	-0.0020	-0.0051	0.0088	-0.0039	0.0970	
16.3500	0.0001	0.0104	-0.0020	-0.0005	0.0161	-0.0020	-0.0051	0.0088	-0.0039	0.0971	
16.3700	0.0001	0.0104	-0.0020	-0.0006	0.0161	-0.0020	-0.0049	0.0089	-0.0039	0.0971	
16.3900	0.0001	0.0104	-0.0020	-0.0007	0.0161	-0.0020	-0.0049	0.0087	-0.0039	0.0973	
16.4100	0.0001	0.0104	-0.0020	-0.0007	0.0161	-0.0020	-0.0048	0.0088	-0.0039	0.0972	
16.4300	0.0001	0.0104	-0.0020	-0.0008	0.0160	-0.0020	-0.0049	0.0088	-0.0039	0.0971	
16.4500	0.0001	0.0104	-0.0020	-0.0009	0.0160	-0.0020	-0.0050	0.0088	-0.0039	0.0970	
16.4700	0.0001	0.0104	-0.0020	-0.0009	0.0159	-0.0020	-0.0050	0.0088	-0.0039	0.0968	
16.4900	0.0001	0.0104	-0.0020	-0.0009	0.0159	-0.0020	-0.0050	0.0088	-0.0039	0.0966	
16.5100	0.0001	0.0104	-0.0020	-0.0009	0.0158	-0.0020	-0.0049	0.0089	-0.0039	0.0964	
16.5300	0.0001	0.0104	-0.0020	-0.0009	0.0158	-0.0020	-0.0048	0.0089	-0.0039	0.0962	
16.5500	0.0001	0.0104	-0.0020	-0.0009	0.0157	-0.0020	-0.0049	0.0087	-0.0039	0.0960	
16.5700	0.0001	0.0104	-0.0020	-0.0008	0.0157	-0.0020	-0.0050	0.0087	-0.0039	0.0958	
16.5880	0.0001	0.0104	-0.0020	-0.0011	0.0170	-0.0020	-0.0050	0.0089	-0.0039	0.0957	
16.6080	0.0001	0.0104	-0.0020	-0.0008	0.0162	-0.0020	-0.0050	0.0087	-0.0039	0.0954	
16.6280	0.0001	0.0104	-0.0020	-0.0008	0.0160	-0.0020	-0.0048	0.0090	-0.0039	0.0949	
16.6480	0.0001	0.0104	-0.0020	-0.0007	0.0157	-0.0020	-0.0046	0.0091	-0.0039	0.0944	
16.6680	0.0001	0.0104	-0.0020	-0.0006	0.0155	-0.0020	-0.0047	0.0087	-0.0039	0.0937	
16.6880	0.0001	0.0104	-0.0020	-0.0006	0.0153	-0.0020	-0.0049	0.0087	-0.0039	0.0930	
16.7080	0.0001	0.0104	-0.0020	-0.0006	0.0152	-0.0020	-0.0049	0.0087	-0.0039	0.0925	
16.7280	0.0001	0.0104	-0.0020	-0.0006	0.0150	-0.0020	-0.0048	0.0087	-0.0039	0.0919	
16.7480	0.0001	0.0104	-0.0020	-0.0006	0.0149	-0.0020	-0.0047	0.0092	-0.0039	0.0914	
16.7680	0.0001	0.0104	-0.0020	-0.0003	0.0135	-0.0020	-0.0047	0.0091	-0.0039	0.0911	
16.7880	0.0001	0.0104	-0.0020	-0.0006	0.0142	-0.0020	-0.0048	0.0091	-0.0039	0.0910	
16.8080	0.0001	0.0104	-0.0020	-0.0007	0.0145	-0.0020	-0.0050	0.0089	-0.0039	0.0912	
16.8280	0.0001	0.0104	-0.0020	-0.0008	0.0148	-0.0020	-0.0051	0.0087	-0.0039	0.0918	
16.8480	0.0001	0.0104	-0.0020	-0.0009	0.0151	-0.0020	-0.0048	0.0086	-0.0039	0.0926	
16.8680	0.0001	0.0104	-0.0020	-0.0013	0.0167	-0.0020	-0.0046	0.0089	-0.0039	0.0935	
16.8880	0.0001	0.0104	-0.0020	-0.0011	0.0162	-0.0020	-0.0044	0.0091	-0.0039	0.0943	
16.9060	0.0001	0.0104	-0.0020	-0.0008	0.0149	-0.0020	-0.0047	0.0092	-0.0039	0.0948	
16.9260	0.0001	0.0104	-0.0020	-0.0009	0.0156	-0.0020	-0.0050	0.0091	-0.0039	0.0953	
16.9460	0.0001	0.0104	-0.0020	-0.0008	0.0158	-0.0020	-0.0053	0.0089	-0.0039	0.0959	
16.9660	0.0001	0.0104	-0.0020	-0.0007	0.0160	-0.0020	-0.0051	0.0088	-0.0039	0.0964	
16.9860	0.0001	0.0104	-0.0020	-0.0007	0.0162	-0.0020	-0.0047	0.0089	-0.0039	0.0969	
17.0060	0.0001	0.0104	-0.0020	-0.0007	0.0163	-0.0020	-0.0041	0.0089	-0.0039	0.0974	
17.0260	0.0001	0.0104	-0.0020	-0.0007	0.0163	-0.0020	-0.0044	0.0091	-0.0039	0.0977	
17.0460	0.0001	0.0104	-0.0020	-0.0007	0.0163	-0.0020	-0.0047	0.0090	-0.0039	0.0980	
17.0660	0.0001	0.0104	-0.0020	-0.0008	0.0163	-0.0020	-0.0052	0.0089	-0.0039	0.0981	
17.0860	0.0001	0.0104	-0.0020	-0.0008	0.0163	-0.0020	-0.0052	0.0089	-0.0039	0.0981	
17.1060	0.0001	0.0104	-0.0020	-0.0008	0.0163	-0.0020	-0.0049	0.0092	-0.0039	0.0980	
17.1260	0.0001	0.0104	-0.0020	-0.0008	0.0162	-0.0020	-0.0046	0.0091	-0.0039	0.0979	
17.1460	0.0001	0.0104	-0.0020	-0.0008	0.0161	-0.0020	-0.0045	0.0093	-0.0039	0.0976	
17.1660	0.0001	0.0104	-0.0020	-0.0008	0.0160	-0.0020	-0.0045	0.0093	-0.0039	0.0973	
17.1860	0.0001	0.0104	-0.0020	-0.0008	0.0159	-0.0020	-0.0049	0.0089	-0.0039	0.0970	
17.2060	0.0001	0.0104	-0.0020	-0.0008	0.0158	-0.0020	-0.0049	0.0088	-0.0039	0.0967	
17.2260	0.0001	0.0104	-0.0020	-0.0008	0.0157	-0.0020	-0.0049	0.0088	-0.0039	0.0964	
17.2440	0.0001	0.0104	-0.0020	-0.0008	0.0156	-0.0020	-0.0048	0.0087	-0.0039	0.0960	
17.2640	0.0001	0.0104	-0.0020	-0.0011	0.0169	-0.0020	-0.0046	0.0091	-0.0039	0.0958	
17.2840	0.0001	0.0104	-0.0020	-0.0006	0.0148	-0.0020	-0.0047	0.0091	-0.0039	0.0954	
17.3040	0.0001	0.0104	-0.0020	-0.0008	0.0153	-0.0020	-0.0048	0.0089	-0.0039	0.0950	
17.3240	0.0001	0.0104	-0.0020	-0.0007	0.0152	-0.0020	-0.0048	0.0088	-0.0039	0.0947	
17.3440	0.0001	0.0104	-0.0020	-0.0007	0.0153	-0.0020	-0.0048	0.0088	-0.0039	0.0946	
17.3640	0.0001	0.0104	-0.0020	-0.0007	0.0153	-0.0020	-0.0045	0.0089	-0.0039	0.0945	
17.3840	0.0001	0.0104	-0.0020	-0.0007	0.0154	-0.0020	-0.0045	0.0090	-0.0039	0.0946	
17.4040	0.0001	0.0104	-0.0020	-0.0008	0.0154	-0.0020	-0.0046	0.0090	-0.0039	0.0947	
17.4240	0.0001	0.0104	-0.0020	-0.0008	0.0155	-0.0020	-0.0048	0.0090	-0.0039	0.0949	
17.4440	0.0001	0.0104	-0.0020	-0.0008	0.0156	-0.0020	-0.0048	0.0090	-0.0039	0.0952	
17.4640	0.0001	0.0104	-0.0020	-0.0008	0.0157	-0.0020	-0.0048	0.0090	-0.0039	0.0954	
17.4840	0.0001	0.0104	-0.0020	-0.0008	0.0158	-0.0020	-0.0047	0.0089	-0.0039	0.0957	
17.5040	0.0001	0.0104	-0.0020	-0.0008	0.0159	-0.0020	-0.0047	0.0089	-0.0039	0.0960	
17.5240	0.0001	0.0104	-0.0020	-0.0008	0.0159	-0.0020	-0.0047	0.0089	-0.0039	0.0963	
17.5440	0.0001	0.0104	-0.0020	-0.0008	0.0160	-0.0020	-0.0047	0.0088	-0.0039	0.0965	
17.5620	0.0001	0.0104	-0.0020	-0.0008	0.0160	-0.0020	-0.0047	0.0089	-0.0039	0.0967	
17.5820	0.0001	0.0104	-0.0020	-0.0008	0.0160	-0.0020	-0.0047	0.0089	-0.0039	0.0968	
17.6020	0.0001	0.0104	-0.0020	-0.0008	0.0160	-0.0020	-0.0048	0.0090	-0.0039	0.0969	
17.6220	0.0001	0.0104	-0.0020	-0.0008	0.0160	-0.0020	-0.0048	0.0089	-0.0039	0.0970	
17.6420	0.0001	0.0104	-0.0020	-0.0008	0.0160	-0.0020	-0.0047	0.0089	-0.0039	0.0970	
17.6620	0.0001	0.0104	-0.0020	-0.0008	0.0160	-0.0020	-0.0046	0.0089	-0.0039	0.0969	
17.6820	0.0001	0.0104	-0.0020	-0.0008	0.0160	-0.0020	-0.0045	0.0089	-0.0039	0.0969	
17.7020	0.0001	0.0104	-0.0020	-0.0008	0.0159	-0.0020	-0.0046	0.0089	-0.0039	0.0968	
17.7220	0.0001	0.0104	-0.0020	-0.0008	0.0159	-0.0020	-0.0048	0.0090	-0.0039	0.0966	
17.7420	0.0001	0.0104	-0.0020	-0.0008	0.0158	-0.0020	-0.0048	0.0090	-0.0039	0.0965	
17.7620	0.0001	0.0104	-0.0020	-0.0008	0.0158	-0.0020	-0.0049	0.0089	-0.0039	0.0963	
17.7820	0.0001	0.0104	-0.0020	-0.0008	0.0157	-0.0020	-0.0049	0.0089	-0.0039	0.0962	
17.8020	0.0001	0.0104	-0.0020	-0.0008	0.0157	-0.0020	-0.0049	0.0089	-0.0039	0.0961	
17.8220	0.0001	0.0104	-0.0020	-0.0008	0.0157	-0.0020	-0.0048	0.0089	-0.0039	0.0959	
17.8420	0.0001	0.0104	-0.0020	-0.0008	0.0157	-0.0020	-0.0048	0.0089	-0.0039	0.0959	
17.8620	0.0001	0.0104	-0.0020	-0.0008	0.0157	-0.0020	-0.0048	0.0090	-0.0039	0.0958	
17.8820	0.0001	0.0104	-0.0020	-0.0008	0.0157	-0.0020	-0.0048	0.0089	-0.0039	0.0957	
17.9000	0.0001	0.0104	-0.0020	-0.0008	0.0157	-0.0020	-0.0049	0.0089	-0.0039	0.0957	
17.9200	0.0001	0.0104	-0.0020	-0.0008	0.0157	-0.0020	-0.0048	0.0089	-0.0039	0.0957	
17.9400	0.0001	0.0104	-0.0020	-0.0008	0.0157	-0.0020	-0.0048	0.0088	-0.0039	0.0957	
17.9600	0.0001	0.0104	-0.0020	-0.0008	0.0157	-0.0020	-0.0048	0.0089	-0.0039	0.0958	
17.9800	0.0001	0.0104	-0.0020	-0.0008	0.0157	-0.0020	-0.0048	0.0089	-0.0039	0.0958	
18.0000	0.0001	0.0104	-0.0020	-0.0008	0.0158	-0.0020	-0.0049	0.0088	-0.0039	0.0959	
18.0200	0.0001	0.0104	-0.0020	-0.0008	0.0158	-0.0020	-0.0049	0.0089	-0.0039	0.0960	
18.0400	0.0001	0.0104	-0.0020	-0.0011	0.0171	-0.0020	-0.0049	0.0090	-0.0039	0.0961	
18.0600	0.0001	0.0104	-0.0020	-0.0009	0.0164	-0.0020	-0.0049	0.0090	-0.0039	0.0960	
18.0800	0.0001	0.0104	-0.0020	-0.0009	0.0162	-0.0020	-0.0048	0.0089	-0.0039	0.0957	
18.1000	0.0001	0.0104	-0.0020	-0.0005	0.0146	-0.0020	-0.0048	0.0089	-0.0039	0.0952	
18.1200	0.0001	0.0104	-0.0020	-0.0006	0.0151	-0.0020	-0.0048	0.0090	-0.0039	0.0947	
18.1400	0.0001	0.0104	-0.0020	-0.0006	0.0171	-0.0020	-0.0047	0.0091	-0.0039	0.0931	
18.1600	0.0001	0.0104	-0.0020	0.0007	0.0160	-0.0020	-0.0048	0.0090	-0.0038	0.0899	
18.1800	0.0001	0.0104	-0.0020	-0.0008	0.0159	-0.0020	-0.0048	0.0093	-0.0039	0.0872	
18.2020	0.0001	0.0104	-0.0020	-0.0013	0.0159	-0.0020	-0.0049	0.0093	-0.0039	0.0854	
18.2220	0.0001	0.0104	-0.0020	-0.0010	0.0160	-0.0020	-0.0049	0.0090	-0.0039	0.0837	
18.2440	0.0001	0.0104	-0.0020	-0.0011	0.0163	-0.0020	-0.0048	0.0090	-0.0039	0.0822	
18.2640	0.0001	0.0104	-0.0020	-0.0005	0.0151	-0.0020	-0.0049	0.0090	-0.0039	0.0805	
18.2840	0.0001	0.0104	-0.0020	-0.0011	0.0153	-0.0020	-0.0049	0.0091	-0.0039	0.0785	
18.3040	0.0001	0.0104	-0.0020	-0.0013	0.0149	-0.0020	-0.0050	0.0091	-0.0039	0.0766	
18.3240	0.0001	0.0104	-0.0020	-0.0010	0.0144	-0.0020	-0.0049	0.0091	-0.0039	0.0745	
18.3440	0.0001	0.0104	-0.0020	-0.0009	0.0140	-0.0020	-0.0050	0.0091	-0.0039	0.0724	
18.3640	0.0001	0.0104	-0.0020	-0.0009	0.0136	-0.0020	-0.0049	0.0091	-0.0039	0.0704	
18.3840	0.0001	0.0104	-0.0020	-0.0009	0.0134	-0.0020	-0.0049	0.0090	-0.0039	0.0684	
18.4040	0.0001	0.0104	-0.0020	-0.0008	0.0131	-0.0020	-0.0048	0.0091	-0.0039	0.0667	
18.4240	0.0001	0.0104	-0.0020	-0.0007	0.0129	-0.0020	-0.0048	0.0090	-0.0039	0.0651	
18.4420	0.0001	0.0104	-0.0020	-0.0007	0.0128	-0.0020	-0.0047	0.0092	-0.0039	0.0638	
18.4620	0.0001	0.0104	-0.0020	-0.0006	0.0127	-0.0020	-0.0049	0.0090	-0.0039	0.0626	
18.4820	0.0001	0.0104	-0.0020	-0.0003	0.0120	-0.0020	-0.0049	0.0091	-0.0039	0.0616	
18.5020	0.0001	0.0104	-0.0020	-0.0005	0.0121	-0.0020	-0.0049	0.0089	-0.0039	0.0607	
18.5220	0.0001	0.0104	-0.0020	-0.0006	0.0123	-0.0020	-0.0049	0.0089	-0.0039	0.0601	
18.5420	0.0001	0.0104	-0.0020	-0.0007	0.0125	-0.0020	-0.0049	0.0090	-0.0039	0.0599	
18.5620	0.0001	0.0104	-0.0020	-0.0008	0.0127	-0.0020	-0.0048	0.0090	-0.0039	0.0599	
18.5820	0.0001	0.0104	-0.0020	-0.0009	0.0129	-0.0020	-0.0048	0.0090	-0.0039	0.0602	
18.6020	0.0001	0.0104	-0.0020	-0.0009	0.0130	-0.0020	-0.0049	0.0090	-0.0039	0.0606	
18.6220	0.0001	0.0104	-0.0020	-0.0010	0.0132	-0.0020	-0.0050	0.0090	-0.0039	0.0611	
18.6420	0.0001	0.0104	-0.0020	-0.0010	0.0133	-0.0020	-0.0050	0.0089	-0.0039	0.0616	
18.6600	0.0001	0.0104	-0.0020	-0.0009	0.0134	-0.0020	-0.0050	0.0089	-0.0039	0.0622	
18.6800	0.0001	0.0104	-0.0020	-0.0012	0.0141	-0.0020	-0.0048	0.0089	-0.0039	0.0630	
18.7000	0.0001	0.0104	-0.0020	-0.0007	0.0140	-0.0020	-0.0048	0.0089	-0.0039	0.0638	
18.7200	0.0001	0.0104	-0.0020	-0.0009	0.0141	-0.0020	-0.0049	0.0090	-0.0039	0.0644	
18.7400	0.0001	0.0104	-0.0020	-0.0007	0.0133	-0.0020	-0.0050	0.0089	-0.0039	0.0646	
18.7600	0.0001	0.0104	-0.0020	-0.0008	0.0135	-0.0020	-0.0050	0.0089	-0.0039	0.0648	
18.7800	0.0001	0.0104	-0.0020	-0.0007	0.0137	-0.0020	-0.0049	0.0088	-0.0039	0.0651	
18.8000	0.0001	0.0104	-0.0020	-0.0007	0.0139	-0.0020	-0.0049	0.0088	-0.0039	0.0655	
18.8200	0.0001	0.0104	-0.0020	-0.0009	0.0140	-0.0020	-0.0048	0.0089	-0.0039	0.0661	
18.8400	0.0001	0.0104	-0.0020	-0.0010	0.0140	-0.0020	-0.0049	0.0088	-0.0039	0.0670	
18.8600	0.0001	0.0104	-0.0020	-0.0009	0.0141	-0.0020	-0.0049	0.0089	-0.0039	0.0678	
18.8800	0.0001	0.0104	-0.0020	-0.0007	0.0141	-0.0020	-0.0049	0.0089	-0.0039	0.0681	
18.9000	0.0001	0.0104	-0.0020	-0.0007	0.0147	-0.0020	-0.0048	0.0088	-0.0039	0.0681	
18.9200	0.0001	0.0104	-0.0020	-0.0003	0.0145	-0.0020	-0.0048	0.0088	-0.0039	0.0682	
18.9400	0.0001	0.0104	-0.0020	-0.0005	0.0144	-0.0020	-0.0049	0.0089	-0.0039	0.0680	
18.9600	0.0001	0.0104	-0.0020	-0.0005	0.0141	-0.0020	-0.0049	0.0089	-0.0039	0.0677	
18.9800	0.0001	0.0104	-0.0020	-0.0006	0.0140	-0.0020	-0.0048	0.0089	-0.0039	0.0673	
19.0000	0.0001	0.0104	-0.0020	-0.0007	0.0139	-0.0020	-0.0048	0.0089	-0.0039	0.0670	
19.0200	0.0001	0.0104	-0.0020	-0.0008	0.0139	-0.0020	-0.0048	0.0089	-0.0039	0.0666	
19.0400	0.0001	0.0104	-0.0020	-0.0008	0.0138	-0.0020	-0.0049	0.0089	-0.0039	0.0661	
19.0580	0.0001	0.0104	-0.0020	-0.0008	0.0137	-0.0020	-0.0048	0.0089	-0.0039	0.0657	
19.0780	0.0001	0.0104	-0.0020	-0.0003	0.0130	-0.0020	-0.0049	0.0089	-0.0039	0.0653	
19.0980	0.0001	0.0104	-0.0020	-0.0007	0.0132	-0.0020	-0.0049	0.0090	-0.0039	0.0648	
19.1180	0.0001	0.0104	-0.0020	-0.0008	0.0133	-0.0020	-0.0049	0.0089	-0.0039	0.0645	
19.1380	0.0001	0.0104	-0.0020	-0.0009	0.0134	-0.0020	-0.0048	0.0089	-0.0039	0.0644	
19.1580	0.0001	0.0104	-0.0020	-0.0010	0.0135	-0.0020	-0.0048	0.0090	-0.0039	0.0644	
19.1780	0.0001	0.0104	-0.0020	-0.0010	0.0136	-0.0020	-0.0049	0.0089	-0.0039	0.0645	
19.1980	0.0001	0.0104	-0.0020	-0.0010	0.0137	-0.0020	-0.0049	0.0089	-0.0039	0.0647	
19.2180	0.0001	0.0104	-0.0020	-0.0010	0.0137	-0.0020	-0.0050	0.0089	-0.0039	0.0649	
19.2380	0.0001	0.0104	-0.0020	-0.0009	0.0137	-0.0020	-0.0049	0.0090	-0.0039	0.0651	
19.2580	0.0001	0.0104	-0.0020	-0.0009	0.0138	-0.0020	-0.0048	0.0090	-0.0039	0.0653	
19.2780	0.0001	0.0104	-0.0020	-0.0009	0.0138	-0.0020	-0.0049	0.0090	-0.0039	0.0655	
19.2980	0.0001	0.0104	-0.0020	-0.0008	0.0139	-0.0020	-0.0049	0.0089	-0.0039	0.0657	
19.3180	0.0001	0.0104	-0.0020	-0.0011	0.0144	-0.0020	-0.0050	0.0088	-0.0039	0.0660	
19.3380	0.0001	0.0104	-0.0020	-0.0007	0.0143	-0.0020	-0.0050	0.0089	-0.0039	0.0664	
19.3560	0.0001	0.0104	-0.0020	-0.0004	0.0136	-0.0020	-0.0050	0.0089	-0.0039	0.0664	
19.3760	0.0001	0.0104	-0.0020	-0.0007	0.0136	-0.0020	-0.0050	0.0090	-0.0039	0.0662	
19.3980	0.0001	0.0104	-0.0020	-0.0008	0.0137	-0.0020	-0.0049	0.0090	-0.0039	0.0661	
19.4180	0.0001	0.0104	-0.0020	-0.0009	0.0138	-0.0020	-0.0050	0.0089	-0.0039	0.0661	
19.4360	0.0001	0.0104	-0.0020	-0.0009	0.0139	-0.0020	-0.0050	0.0089	-0.0039	0.0661	
19.4560	0.0001	0.0104	-0.0020	-0.0009	0.0139	-0.0020	-0.0050	0.0089	-0.0039	0.0662	
19.4760	0.0001	0.0104	-0.0020	-0.0009	0.0139	-0.0020	-0.0050	0.0089	-0.0039	0.0663	
19.4960	0.0001	0.0104	-0.0020	-0.0009	0.0139	-0.0020	-0.0049	0.0089	-0.0039	0.0664	
19.5160	0.0001	0.0104	-0.0020	-0.0009	0.0139	-0.0020	-0.0049	0.0089	-0.0039	0.0665	
19.5360	0.0001	0.0104	-0.0020	-0.0009	0.0139	-0.0020	-0.0049	0.0089	-0.0039	0.0666	
19.5560	0.0001	0.0104	-0.0020	-0.0009	0.0139	-0.0020	-0.0048	0.0089	-0.0039	0.0666	
19.5760	0.0001	0.0104	-0.0020	-0.0008	0.0140	-0.0020	-0.0049	0.0089	-0.0039	0.0667	
19.5960	0.0001	0.0104	-0.0020	-0.0008	0.0140	-0.0020	-0.0049	0.0090	-0.0039	0.0667	
19.6160	0.0001	0.0104	-0.0020	-0.0008	0.0140	-0.0020	-0.0049	0.0089	-0.0039	0.0667	
19.6360	0.0001	0.0104	-0.0020	-0.0008	0.0140	-0.0020	-0.0048	0.0090	-0.0039	0.0668	
19.6560	0.0001	0.0104	-0.0020	-0.0008	0.0140	-0.0020	-0.0048	0.0090	-0.0039	0.0668	
19.6760	0.0001	0.0104	-0.0020	-0.0008	0.0140	-0.0020	-0.0047	0.0090	-0.0039	0.0668	
19.6960	0.0001	0.0104	-0.0020	-0.0008	0.0139	-0.0020	-0.0048	0.0091	-0.0039	0.0667	
19.7160	0.0001	0.0104	-0.0020	-0.0008	0.0139	-0.0020	-0.0048	0.0090	-0.0039	0.0667	
19.7360	0.0001	0.0104	-0.0020	-0.0008	0.0139	-0.0020	-0.0049	0.0090	-0.0039	0.0667	
19.7540	0.0001	0.0104	-0.0020	-0.0008	0.0139	-0.0020	-0.0049	0.0090	-0.0039	0.0667	
19.7740	0.0001	0.0104	-0.0020	-0.0011	0.0144	-0.0020	-0.0047	0.0089	-0.0039	0.0668	
19.7940	0.0001	0.0104	-0.0020	-0.0007	0.0142	-0.0020	-0.0048	0.0090	-0.0039	0.0670	
19.8140	0.0001	0.0104	-0.0020	-0.0009	0.0142	-0.0020	-0.0049	0.0090	-0.0039	0.0669	
19.8340	0.0001	0.0104	-0.0020	-0.0008	0.0139	-0.0020	-0.0049	0.0090	-0.0039	0.0666	
19.8540	0.0001	0.0104	-0.0020	-0.0009	0.0138	-0.0020	-0.0049	0.0090	-0.0039	0.0663	
19.8740	0.0001	0.0104	-0.0020	-0.0009	0.0138	-0.0020	-0.0048	0.0090	-0.0039	0.0660	
19.8940	0.0001	0.0104	-0.0020	-0.0008	0.0137	-0.0020	-0.0048	0.0091	-0.0039	0.0656	
19.9140	0.0001	0.0104	-0.0020	-0.0003	0.0130	-0.0020	-0.0047	0.0090	-0.0039	0.0651	
19.9340	0.0001	0.0104	-0.0020	-0.0006	0.0131	-0.0020	-0.0048	0.0091	-0.0039	0.0646	
19.9540	0.0001	0.0104	-0.0020	-0.0007	0.0133	-0.0020	-0.0049	0.0090	-0.0039	0.0644	
19.9740	0.0001	0.0104	-0.0020	-0.0008	0.0134	-0.0020	-0.0049	0.0090	-0.0039	0.0643	
19.9940	0.0001	0.0104	-0.0020	-0.0009	0.0135	-0.0020	-0.0049	0.0089	-0.0039	0.0643	
20.0140	0.0001	0.0104	-0.0020	-0.0009	0.0136	-0.0020	-0.0048	0.0089	-0.0039	0.0645	
20.0340	0.0001	0.0104	-0.0020	-0.0009	0.0137	-0.0020	-0.0047	0.0090	-0.0039	0.0646	
20.0540	0.0001	0.0104	-0.0020	-0.0009	0.0137	-0.0020	-0.0047	0.0089	-0.0039	0.0648	
20.0720	0.0001	0.0104	-0.0020	-0.0009	0.0138	-0.0020	-0.0047	0.0088	-0.0039	0.0651	
20.0920	0.0001	0.0104	-0.0020	-0.0009	0.0138	-0.0020	-0.0047	0.0088	-0.0039	0.0653	
20.1120	0.0001	0.0104	-0.0020	-0.0009	0.0138	-0.0020	-0.0047	0.0089	-0.0039	0.0655	
20.1320	0.0001	0.0104	-0.0020	-0.0009	0.0139	-0.0020	-0.0047	0.0090	-0.0039	0.0657	
20.1520	0.0001	0.0104	-0.0020	-0.0009	0.0139	-0.0020	-0.0047	0.0089	-0.0039	0.0659	
20.1720	0.0001	0.0104	-0.0020	-0.0008	0.0139	-0.0020	-0.0047	0.0089	-0.0039	0.0661	
20.1920	0.0001	0.0104	-0.0020	-0.0008	0.0140	-0.0020	-0.0046	0.0089	-0.0039	0.0663	
20.2120	0.0001	0.0104	-0.0020	-0.0008	0.0140	-0.0020	-0.0046	0.0089	-0.0039	0.0664	
20.2320	0.0001	0.0104	-0.0020	-0.0008	0.0140	-0.0020	-0.0047	0.0088	-0.0039	0.0666	
20.2520	0.0001	0.0104	-0.0020	-0.0008	0.0140	-0.0020	-0.0048	0.0089	-0.0039	0.0667	
20.2720	0.0001	0.0104	-0.0020	-0.0008	0.0140	-0.0020	-0.0047	0.0090	-0.0039	0.0668	
20.2920	0.0001	0.0104	-0.0020	-0.0008	0.0140	-0.0020	-0.0047	0.0090	-0.0039	0.0669	
20.3120	0.0001	0.0104	-0.0020	-0.0011	0.0145	-0.0020	-0.0046	0.0089	-0.0039	0.0670	
20.3320	0.0001	0.0104	-0.0020	-0.0007	0.0143	-0.0020	-0.0047	0.0089	-0.0039	0.0673	
20.3520	0.0001	0.0104	-0.0020	-0.0009	0.0143	-0.0020	-0.0047	0.0089	-0.0039	0.0672	
20.3720	0.0001	0.0104	-0.0020	-0.0008	0.0140	-0.0020	-0.0048	0.0090	-0.0039	0.0670	
20.3920	0.0001	0.0104	-0.0020	-0.0009	0.0139	-0.0020	-0.0047	0.0090	-0.0039	0.0667	
20.4120	0.0001	0.0104	-0.0020	-0.0009	0.0138	-0.0020	-0.0047	0.0090	-0.0039	0.0664	
20.4320	0.0001	0.0104	-0.0020	-0.0008	0.0138	-0.0020	-0.0047	0.0090	-0.0039	0.0660	
20.4520	0.0001	0.0104	-0.0020	-0.0008	0.0137	-0.0020	-0.0047	0.0089	-0.0039	0.0656	
20.4720	0.0001	0.0104	-0.0020	-0.0007	0.0136	-0.0020	-0.0047	0.0090	-0.0039	0.0652	
20.4920	0.0001	0.0104	-0.0020	-0.0002	0.0129	-0.0020	-0.0046	0.0089	-0.0039	0.0648	
20.5120	0.0001	0.0104	-0.0020	-0.0008	0.0138	-0.0020	-0.0046	0.0091	-0.0039	0.0644	
20.5320	0.0001	0.0104	-0.0020	-0.0004	0.0131	-0.0020	-0.0047	0.0090	-0.0039	0.0642	
20.5520	0.0001	0.0104	-0.0020	-0.0008	0.0132	-0.0020	-0.0049	0.0091	-0.0039	0.0638	
20.5720	0.0001	0.0104	-0.0020	-0.0009	0.0133	-0.0020	-0.0049	0.0091	-0.0039	0.0638	
20.5920	0.0001	0.0104	-0.0020	-0.0010	0.0134	-0.0020	-0.0048	0.0091	-0.0039	0.0639	
20.6120	0.0001	0.0104	-0.0020	-0.0011	0.0135	-0.0020	-0.0047	0.0090	-0.0039	0.0640	
20.6320	0.0001	0.0104	-0.0020	-0.0011	0.0136	-0.0020	-0.0046	0.0090	-0.0039	0.0643	
20.6520	0.0001	0.0104	-0.0020	-0.0010	0.0137	-0.0020	-0.0046	0.0090	-0.0039	0.0646	
20.6720	0.0001	0.0104	-0.0020	-0.0010	0.0138	-0.0020	-0.0046	0.0090	-0.0039	0.0648	
20.6920	0.0001	0.0104	-0.0020	-0.0009	0.0138	-0.0020	-0.0046	0.0090	-0.0039	0.0651	
20.7120	0.0001	0.0104	-0.0020	-0.0009	0.0139	-0.0020	-0.0047	0.0089	-0.0039	0.0654	
20.7320	0.0001	0.0104	-0.0020	-0.0009	0.0139	-0.0020	-0.0046	0.0089	-0.0039	0.0657	
20.7520	0.0001	0.0104	-0.0020	-0.0008	0.0139	-0.0020	-0.0046	0.0090	-0.0039	0.0660	
20.7720	0.0001	0.0104	-0.0020	-0.0011	0.0145	-0.0020	-0.0046	0.0090	-0.0039	0.0663	
20.7920	0.0001	0.0104	-0.0020	-0.0006	0.0144	-0.0020	-0.0046	0.0090	-0.0039	0.0667	
20.8120	0.0001	0.0104	-0.0020	-0.0009	0.0143	-0.0020	-0.0047	0.0090	-0.0039	0.0668	
20.8300	0.0001	0.0104	-0.0020	-0.0008	0.0140	-0.0020	-0.0047	0.0090	-0.0039	0.0667	
20.8500	0.0001	0.0104	-0.0020	-0.0004	0.0133	-0.0020	-0.0046	0.0090	-0.0039	0.0665	
20.8700	0.0001	0.0104	-0.0020	-0.0007	0.0135	-0.0020	-0.0046	0.0090	-0.0039	0.0661	
20.8900	0.0001	0.0104	-0.0020	-0.0008	0.0136	-0.0020	-0.0047	0.0090	-0.0039	0.0659	
20.9100	0.0001	0.0104	-0.0020	-0.0008	0.0137	-0.0020	-0.0046	0.0090	-0.0039	0.0658	
20.9300	0.0001	0.0104	-0.0020	-0.0009	0.0138	-0.0020	-0.0047	0.0089	-0.0039	0.0659	
20.9500	0.0001	0.0104	-0.0020	-0.0009	0.0138	-0.0020	-0.0046	0.0090	-0.0039	0.0659	
20.9700	0.0001	0.0104	-0.0020	-0.0009	0.0138	-0.0020	-0.0046	0.0090	-0.0039	0.0660	
20.9900	0.0001	0.0104	-0.0020	-0.0009	0.0139	-0.0020	-0.0046	0.0090	-0.0039	0.0661	
21.0100	0.0001	0.0104	-0.0020	-0.0009	0.0139	-0.0020	-0.0047	0.0089	-0.0039	0.0662	
21.0300	0.0001	0.0104	-0.0020	-0.0009	0.0139	-0.0020	-0.0047	0.0089	-0.0039	0.0662	
21.0500	0.0001	0.0104	-0.0020	-0.0009	0.0139	-0.0020	-0.0046	0.0089	-0.0039	0.0663	
21.0700	0.0001	0.0104	-0.0020	-0.0009	0.0139	-0.0020	-0.0045	0.0089	-0.0039	0.0664	
21.0900	0.0001	0.0104	-0.0020	-0.0008	0.0139	-0.0020	-0.0045	0.0089	-0.0039	0.0664	
21.1100	0.0001	0.0104	-0.0020	-0.0008	0.0139	-0.0020	-0.0045	0.0090	-0.0039	0.0665	
21.1300	0.0001	0.0104	-0.0020	-0.0008	0.0139	-0.0020	-0.0045	0.0090	-0.0039	0.0665	
21.1500	0.0001	0.0104	-0.0020	-0.0008	0.0139	-0.0020	-0.0045	0.0090	-0.0039	0.0666	
21.1700	0.0001	0.0104	-0.0020	-0.0008	0.0139	-0.0020	-0.0044	0.0089	-0.0039	0.0666	
21.1900	0.0001	0.0104	-0.0020	-0.0008	0.0139	-0.0020	-0.0044	0.0090	-0.0039	0.0666	
21.2080	0.0001	0.0104	-0.0020	-0.0008	0.0139	-0.0020	-0.0045	0.0090	-0.0039	0.0666	
21.2280	0.0001	0.0104	-0.0020	-0.0008	0.0139	-0.0020	-0.0044	0.0089	-0.0039	0.0666	
21.2480	0.0001	0.0104	-0.0020	-0.0008	0.0139	-0.0020	-0.0045	0.0089	-0.0039	0.0666	
21.2680	0.0001	0.0104	-0.0020	-0.0011	0.0144	-0.0020	-0.0044	0.0090	-0.0039	0.0667	
21.2880	0.0001	0.0104	-0.0020	-0.0007	0.0143	-0.0020	-0.0044	0.0089	-0.0039	0.0669	
21.3080	0.0001	0.0104	-0.0020	-0.0009	0.0142	-0.0020	-0.0045	0.0090	-0.0039	0.0669	
21.3280	0.0001	0.0104	-0.0020	-0.0008	0.0139	-0.0020	-0.0045	0.0089	-0.0039	0.0666	
21.3480	0.0001	0.0104	-0.0020	-0.0005	0.0132	-0.0020	-0.0046	0.0090	-0.0039	0.0662	
21.3680	0.0001	0.0104	-0.0020	-0.0008	0.0133	-0.0020	-0.0046	0.0090	-0.0039	0.0657	
21.3880	0.0001	0.0104	-0.0020	-0.0008	0.0135	-0.0020	-0.0045	0.0090	-0.0039	0.0654	
21.4080	0.0001	0.0104	-0.0020	-0.0008	0.0136	-0.0020	-0.0044	0.0090	-0.0039	0.0653	
21.4280	0.0001	0.0104	-0.0020	-0.0009	0.0136	-0.0020	-0.0044	0.0090	-0.0039	0.0652	
21.4480	0.0001	0.0104	-0.0020	-0.0009	0.0137	-0.0020	-0.0044	0.0089	-0.0039	0.0653	
21.4680	0.0001	0.0104	-0.0020	-0.0009	0.0137	-0.0020	-0.0046	0.0089	-0.0039	0.0654	
21.4880	0.0001	0.0104	-0.0020	-0.0009	0.0138	-0.0020	-0.0045	0.0089	-0.0039	0.0655	
21.5060	0.0001	0.0104	-0.0020	-0.0012	0.0143	-0.0020	-0.0045	0.0089	-0.0039	0.0657	
21.5260	0.0001	0.0104	-0.0020	-0.0004	0.0136	-0.0020	-0.0045	0.0090	-0.0039	0.0659	
21.5460	0.0001	0.0104	-0.0020	-0.0009	0.0137	-0.0020	-0.0045	0.0090	-0.0039	0.0658	
21.5660	0.0001	0.0104	-0.0020	-0.0009	0.0137	-0.0020	-0.0045	0.0090	-0.0039	0.0657	
21.5860	0.0001	0.0104	-0.0020	-0.0009	0.0101	-0.0020	-0.0046	0.0089	-0.0039	0.0672	
21.6060	0.0001	0.0104	-0.0020	-0.0010	0.0099	-0.0020	-0.0046	0.0089	-0.0039	0.0707	
21.6260	0.0001	0.0104	-0.0020	-0.0009	0.0107	-0.0020	-0.0046	0.0090	-0.0039	0.0746	
21.6460	0.0001	0.0104	-0.0020	-0.0010	0.0121	-0.0020	-0.0045	0.0089	-0.0039	0.0786	
21.6660	0.0001	0.0104	-0.0020	-0.0009	0.0136	-0.0020	-0.0045	0.0089	-0.0039	0.0828	
21.6860	0.0001	0.0104	-0.0020	-0.0007	0.0150	-0.0020	-0.0045	0.0089	-0.0039	0.0871	
21.7060	0.0001	0.0104	-0.0020	-0.0010	0.0176	-0.0020	-0.0045	0.0088	-0.0039	0.0915	
21.7260	0.0001	0.0104	-0.0020	-0.0007	0.0165	-0.0020	-0.0045	0.0088	-0.0039	0.0955	
21.7460	0.0001	0.0104	-0.0020	-0.0008	0.0179	-0.0020	-0.0044	0.0088	-0.0039	0.0992	
21.7660	0.0001	0.0104	-0.0020	-0.0008	0.0185	-0.0020	-0.0044	0.0088	-0.0039	0.1024	
21.7860	0.0001	0.0104	-0.0020	-0.0010	0.0203	-0.0020	-0.0044	0.0089	-0.0039	0.1050	
21.8060	0.0001	0.0104	-0.0020	-0.0006	0.0185	-0.0020	-0.0045	0.0089	-0.0039	0.1066	
21.8260	0.0001	0.0104	-0.0020	-0.0008	0.0191	-0.0020	-0.0045	0.0089	-0.0039	0.1075	
21.8460	0.0001	0.0104	-0.0020	-0.0007	0.0189	-0.0020	-0.0045	0.0089	-0.0039	0.1078	
21.8640	0.0001	0.0104	-0.0020	-0.0007	0.0186	-0.0020	-0.0045	0.0090	-0.0039	0.1075	
21.8840	0.0001	0.0104	-0.0020	-0.0008	0.0183	-0.0020	-0.0045	0.0089	-0.0039	0.1066	
21.9040	0.0001	0.0104	-0.0020	-0.0008	0.0177	-0.0020	-0.0045	0.0088	-0.0039	0.1053	
21.9240	0.0001	0.0104	-0.0020	-0.0008	0.0172	-0.0020	-0.0045	0.0089	-0.0039	0.1036	
21.9440	0.0001	0.0104	-0.0020	-0.0009	0.0166	-0.0020	-0.0045	0.0088	-0.0039	0.1017	
21.9640	0.0001	0.0104	-0.0020	-0.0009	0.0160	-0.0020	-0.0045	0.0089	-0.0039	0.0997	
21.9840	0.0001	0.0104	-0.0020	-0.0009	0.0155	-0.0020	-0.0044	0.0088	-0.0039	0.0978	
22.0040	0.0001	0.0104	-0.0020	-0.0009	0.0150	-0.0020	-0.0043	0.0089	-0.0039	0.0959	
22.0240	0.0001	0.0104	-0.0020	-0.0009	0.0146	-0.0020	-0.0044	0.0089	-0.0039	0.0942	
22.0440	0.0001	0.0104	-0.0020	-0.0008	0.0144	-0.0020	-0.0044	0.0089	-0.0039	0.0928	
22.0640	0.0001	0.0104	-0.0020	-0.0011	0.0155	-0.0020	-0.0044	0.0089	-0.0039	0.0917	
22.0840	0.0001	0.0104	-0.0020	-0.0009	0.0147	-0.0020	-0.0045	0.0090	-0.0039	0.0908	
22.1040	0.0001	0.0104	-0.0020	-0.0009	0.0145	-0.0020	-0.0044	0.0089	-0.0039	0.0900	
22.1240	0.0001	0.0104	-0.0020	-0.0008	0.0143	-0.0020	-0.0044	0.0089	-0.0039	0.0894	
22.1440	0.0001	0.0104	-0.0020	-0.0004	0.0129	-0.0020	-0.0044	0.0089	-0.0039	0.0890	
22.1640	0.0001	0.0104	-0.0020	-0.0005	0.0137	-0.0020	-0.0045	0.0088	-0.0039	0.0890	
22.1840	0.0001	0.0104	-0.0020	-0.0005	0.0140	-0.0020	-0.0044	0.0089	-0.0039	0.0893	
22.2040	0.0001	0.0104	-0.0020	-0.0009	0.0158	-0.0020	-0.0043	0.0088	-0.0039	0.0901	
22.2220	0.0001	0.0104	-0.0020	-0.0005	0.0140	-0.0020	-0.0043	0.0088	-0.0039	0.0909	
22.2420	0.0001	0.0104	-0.0020	-0.0008	0.0150	-0.0020	-0.0044	0.0089	-0.0039	0.0919	
22.2620	0.0001	0.0104	-0.0020	-0.0008	0.0153	-0.0020	-0.0045	0.0089	-0.0039	0.0931	
22.2820	0.0001	0.0104	-0.0020	-0.0009	0.0157	-0.0020	-0.0045	0.0088	-0.0039	0.0943	
22.3020	0.0001	0.0104	-0.0020	-0.0009	0.0160	-0.0020	-0.0045	0.0088	-0.0039	0.0955	
22.3220	0.0001	0.0104	-0.0020	-0.0009	0.0163	-0.0020	-0.0044	0.0087	-0.0039	0.0966	
22.3420	0.0001	0.0104	-0.0020	-0.0010	0.0166	-0.0020	-0.0043	0.0087	-0.0039	0.0977	
22.3620	0.0001	0.0104	-0.0020	-0.0009	0.0167	-0.0020	-0.0042	0.0088	-0.0039	0.0985	
22.3820	0.0001	0.0104	-0.0020	-0.0009	0.0168	-0.0020	-0.0044	0.0088	-0.0039	0.0992	
22.4020	0.0001	0.0104	-0.0020	-0.0011	0.0182	-0.0020	-0.0046	0.0089	-0.0039	0.0996	
22.4220	0.0001	0.0104	-0.0020	-0.0009	0.0174	-0.0020	-0.0045	0.0089	-0.0039	0.0997	
22.4420	0.0001	0.0104	-0.0020	-0.0009	0.0171	-0.0020	-0.0045	0.0089	-0.0039	0.0993	
22.4620	0.0001	0.0104	-0.0020	-0.0008	0.0168	-0.0020	-0.0044	0.0088	-0.0039	0.0986	
22.4820	0.0001	0.0104	-0.0020	-0.0004	0.0150	-0.0020	-0.0043	0.0089	-0.0039	0.0976	
22.5020	0.0001	0.0104	-0.0020	-0.0005	0.0154	-0.0020	-0.0043	0.0089	-0.0039	0.0966	
22.5220	0.0001	0.0104	-0.0020	-0.0005	0.0153	-0.0020	-0.0044	0.0090	-0.0039	0.0957	
22.5420	0.0001	0.0104	-0.0020	-0.0006	0.0152	-0.0020	-0.0044	0.0089	-0.0039	0.0950	
22.5620	0.0001	0.0104	-0.0020	-0.0007	0.0151	-0.0020	-0.0045	0.0089	-0.0039	0.0944	
22.5800	0.0001	0.0104	-0.0020	-0.0008	0.0151	-0.0020	-0.0045	0.0090	-0.0039	0.0940	
22.6000	0.0001	0.0104	-0.0020	-0.0009	0.0150	-0.0020	-0.0045	0.0089	-0.0039	0.0938	
22.6200	0.0001	0.0104	-0.0020	-0.0009	0.0151	-0.0020	-0.0044	0.0089	-0.0039	0.0937	
22.6400	0.0001	0.0104	-0.0020	-0.0010	0.0151	-0.0020	-0.0043	0.0089	-0.0039	0.0938	
22.6600	0.0001	0.0104	-0.0020	-0.0010	0.0152	-0.0020	-0.0043	0.0089	-0.0039	0.0940	
22.6800	0.0001	0.0104	-0.0020	-0.0018	0.0167	-0.0020	-0.0044	0.0089	-0.0039	0.0945	
22.7000	0.0001	0.0104	-0.0020	-0.0013	0.0161	-0.0020	-0.0044	0.0089	-0.0039	0.0951	
22.7200	0.0001	0.0104	-0.0020	-0.0011	0.0160	-0.0020	-0.0043	0.0089	-0.0039	0.0954	
22.7400	0.0001	0.0104	-0.0020	-0.0008	0.0159	-0.0020	-0.0043	0.0089	-0.0039	0.0954	
22.7600	0.0001	0.0104	-0.0020	-0.0000	0.0157	-0.0020	-0.0042	0.0089	-0.0039	0.0950	
22.7800	0.0001	0.0104	-0.0020	-0.0001	0.0156	-0.0020	-0.0042	0.0089	-0.0039	0.0943	
22.8000	0.0001	0.0104	-0.0020	-0.0001	0.0155	-0.0020	-0.0042	0.0089	-0.0039	0.0938	
22.8200	0.0001	0.0104	-0.0020	-0.0002	0.0154	-0.0020	-0.0044	0.0090	-0.0039	0.0934	
22.8400	0.0001	0.0104	-0.0020	-0.0004	0.0153	-0.0020	-0.0045	0.0090	-0.0039	0.0929	
22.8600	0.0001	0.0104	-0.0020	-0.0003	0.0139	-0.0020	-0.0045	0.0091	-0.0039	0.0926	
22.8800	0.0001	0.0104	-0.0020	-0.0010	0.0160	-0.0020	-0.0043	0.0090	-0.0039	0.0925	
22.9000	0.0001	0.0104	-0.0020	-0.0006	0.0140	-0.0020	-0.0043	0.0091	-0.0039	0.0924	
22.9200	0.0001	0.0104	-0.0020	-0.0010	0.0148	-0.0020	-0.0041	0.0090	-0.0039	0.0926	
22.9380	0.0001	0.0104	-0.0020	-0.0011	0.0150	-0.0020	-0.0042	0.0089	-0.0039	0.0930	
22.9580	0.0001	0.0104	-0.0020	-0.0015	0.0166	-0.0020	-0.0045	0.0090	-0.0039	0.0935	
22.9780	0.0001	0.0104	-0.0020	-0.0010	0.0147	-0.0020	-0.0045	0.0091	-0.0039	0.0940	
22.9980	0.0001	0.0104	-0.0020	-0.0011	0.0155	-0.0020	-0.0043	0.0089	-0.0039	0.0945	
23.0180	0.0001	0.0104	-0.0020	-0.0013	0.0170	-0.0020	-0.0043	0.0089	-0.0039	0.0951	
23.0380	0.0001	0.0104	-0.0020	-0.0007	0.0151	-0.0020	-0.0042	0.0089	-0.0039	0.0955	
23.0580	0.0001	0.0104	-0.0020	-0.0008	0.0158	-0.0020	-0.0043	0.0089	-0.0039	0.0959	
23.0780	0.0001	0.0104	-0.0020	-0.0015	0.0172	-0.0020	-0.0043	0.0089	-0.0039	0.0965	
23.0980	0.0001	0.0104	-0.0020	-0.0004	0.0166	-0.0020	-0.0043	0.0090	-0.0039	0.0968	
23.1180	0.0001	0.0104	-0.0020	-0.0003	0.0165	-0.0020	-0.0042	0.0089	-0.0039	0.0966	
23.1380	0.0001	0.0104	-0.0020	-0.0003	0.0162	-0.0020	-0.0042	0.0089	-0.0039	0.0962	
23.1580	0.0001	0.0104	-0.0020	-0.0003	0.0147	-0.0020	-0.0043	0.0090	-0.0039	0.0958	
23.1780	0.0001	0.0104	-0.0020	-0.0005	0.0153	-0.0020	-0.0043	0.0090	-0.0039	0.0953	
23.1980	0.0001	0.0104	-0.0020	-0.0006	0.0153	-0.0020	-0.0043	0.0089	-0.0039	0.0950	
23.2180	0.0001	0.0104	-0.0020	-0.0008	0.0154	-0.0020	-0.0044	0.0089	-0.0039	0.0949	
23.2380	0.0001	0.0104	-0.0020	-0.0009	0.0154	-0.0020	-0.0044	0.0089	-0.0039	0.0948	
23.2580	0.0001	0.0104	-0.0020	-0.0011	0.0155	-0.0020	-0.0042	0.0090	-0.0039	0.0949	
23.2780	0.0001	0.0104	-0.0020	-0.0011	0.0155	-0.0020	-0.0042	0.0091	-0.0039	0.0951	
23.2960	0.0001	0.0104	-0.0020	-0.0011	0.0156	-0.0020	-0.0042	0.0090	-0.0039	0.0953	
23.3160	0.0001	0.0104	-0.0020	-0.0011	0.0157	-0.0020	-0.0043	0.0090	-0.0039	0.0955	
23.3360	0.0001	0.0104	-0.0020	-0.0010	0.0157	-0.0020	-0.0046	0.0092	-0.0039	0.0957	
23.3560	0.0001	0.0104	-0.0020	-0.0012	0.0172	-0.0020	-0.0045	0.0091	-0.0039	0.0960	
23.3760	0.0001	0.0104	-0.0020	-0.0010	0.0165	-0.0020	-0.0044	0.0091	-0.0039	0.0961	
23.3960	0.0001	0.0104	-0.0020	-0.0009	0.0163	-0.0020	-0.0042	0.0091	-0.0039	0.0959	
23.4160	0.0001	0.0104	-0.0020	-0.0007	0.0161	-0.0020	-0.0043	0.0092	-0.0039	0.0956	
23.4360	0.0001	0.0104	-0.0020	-0.0006	0.0159	-0.0020	-0.0043	0.0091	-0.0039	0.0951	
23.4560	0.0001	0.0104	-0.0020	-0.0002	0.0143	-0.0020	-0.0046	0.0092	-0.0039	0.0945	
23.4760	0.0001	0.0104	-0.0020	-0.0004	0.0149	-0.0020	-0.0046	0.0092	-0.0039	0.0940	
23.4960	0.0001	0.0104	-0.0020	-0.0004	0.0150	-0.0020	-0.0044	0.0091	-0.0039	0.0937	
23.5160	0.0001	0.0104	-0.0020	-0.0006	0.0151	-0.0020	-0.0043	0.0092	-0.0039	0.0937	
23.5360	0.0001	0.0104	-0.0020	-0.0007	0.0152	-0.0020	-0.0043	0.0091	-0.0039	0.0938	
23.5560	0.0001	0.0104	-0.0020	-0.0009	0.0153	-0.0020	-0.0043	0.0091	-0.0039	0.0940	
23.5760	0.0001	0.0104	-0.0020	-0.0010	0.0154	-0.0020	-0.0045	0.0091	-0.0039	0.0944	
23.5940	0.0001	0.0104	-0.0020	-0.0010	0.0155	-0.0020	-0.0045	0.0091	-0.0039	0.0948	
23.6140	0.0001	0.0104	-0.0020	-0.0011	0.0157	-0.0020	-0.0045	0.0090	-0.0039	0.0953	
23.6340	0.0001	0.0104	-0.0020	-0.0010	0.0158	-0.0020	-0.0044	0.0090	-0.0039	0.0957	
23.6540	0.0001	0.0104	-0.0020	-0.0010	0.0159	-0.0020	-0.0044	0.0091	-0.0039	0.0962	
23.6740	0.0001	0.0104	-0.0020	-0.0010	0.0160	-0.0020	-0.0044	0.0091	-0.0039	0.0966	
23.6940	0.0001	0.0104	-0.0020	-0.0009	0.0161	-0.0020	-0.0044	0.0091	-0.0039	0.0969	
23.7140	0.0001	0.0104	-0.0020	-0.0008	0.0162	-0.0020	-0.0044	0.0091	-0.0039	0.0972	
